 sml_totalpe           8
 sml_dt(s)=   1.9289171455965124E-007
 sml_dt(tau)=   2.5000000000000001E-003
 sml_dt(normalized)=   1.9289171455965124E-007
 sml_tran(s)=   7.7156685823860489E-005
 ptl_num(total)=      800000
 eq_axis_r(m)=   1.7000000000000000     
 eq_axis_z(m)=   0.0000000000000000     
 eq_axis_B(T)=   1.9058999999999999     
 psi_x(code unit)=  0.21063644727940001     
 psi_x(MKS)=  0.21063644727940001     
