 sml_totalpe =           8 ;
 sml_dt =   1.9289171455965124E-007 ;
 sml_tran=   7.7156685823860489E-005 ;
 vth    =   218889.65125340514      ;
 ptl_num=      100000 ;
 eq_axis_r=   1.7000000000000000      ;
 eq_axis_z=   0.0000000000000000      ;
 eq_axis_b=   1.9058999999999999      ;
 eq_tempi_v1=   1000.0000000000000      ;
 ptl_ion_mass_au =   2.0000000000000000      ;
 ptl_ion_charge_eu=   1.0000000000000000      ;
 diag_1d_period =            5 ;
 neu_col_period =            0 ;
 psi_x=  0.21063644727940001      ;
 eq_x_z=  -60859999999.970001      ;
 eq_x_r=   1.7000000000000000      ;
 sml_wedge_n=           1 ;
